     ALT          P          T          FH2O           O3           THEAT        TCOOL        PSATCO2        FCO2
1.1004E+02  1.1585E-08 2.0000E+02    1.6568E-06    0.0000E+00    0.0000E+00    0.0000E+00    1.5785E+00    3.3000E-04
1.0828E+02  1.5532E-08 2.0000E+02    1.6568E-06    0.0000E+00    0.0000E+00    0.0000E+00    1.5785E+00    3.3000E-04
1.0653E+02  2.0778E-08 2.0000E+02    1.6568E-06    0.0000E+00    0.0000E+00    0.0000E+00    1.5785E+00    3.3000E-04
1.0479E+02  2.7733E-08 2.0000E+02    1.6568E-06    0.0000E+00    0.0000E+00    0.0000E+00    1.5785E+00    3.3000E-04
1.0306E+02  3.6933E-08 2.0000E+02    1.6568E-06    0.0000E+00    0.0000E+00    0.0000E+00    1.5785E+00    3.3000E-04
1.0135E+02  4.9078E-08 2.0000E+02    1.6568E-06    0.0000E+00    0.0000E+00    0.0000E+00    1.5785E+00    3.3000E-04
9.9651E+01  6.5070E-08 2.0000E+02    1.6568E-06    0.0000E+00    0.0000E+00    0.0000E+00    1.5785E+00    3.3000E-04
9.7966E+01  8.6083E-08 2.0000E+02    1.6568E-06    0.0000E+00    0.0000E+00    0.0000E+00    1.5785E+00    3.3000E-04
9.6294E+01  1.1363E-07 2.0000E+02    1.6568E-06    0.0000E+00    0.0000E+00    0.0000E+00    1.5785E+00    3.3000E-04
9.4636E+01  1.4965E-07 2.0000E+02    1.6568E-06    0.0000E+00    0.0000E+00    0.0000E+00    1.5785E+00    3.3000E-04
9.2991E+01  1.9666E-07 2.0000E+02    1.6568E-06    0.0000E+00    0.0000E+00    0.0000E+00    1.5785E+00    3.3000E-04
9.1359E+01  2.5786E-07 2.0000E+02    1.6568E-06    0.0000E+00    0.0000E+00    0.0000E+00    1.5785E+00    3.3000E-04
8.9741E+01  3.3736E-07 2.0000E+02    1.6568E-06    0.0000E+00    0.0000E+00    0.0000E+00    1.5785E+00    3.3000E-04
8.8136E+01  4.4038E-07 2.0000E+02    1.6568E-06    0.0000E+00    0.0000E+00    0.0000E+00    1.5785E+00    3.3000E-04
8.6545E+01  5.7359E-07 2.0000E+02    1.6568E-06    0.0000E+00    0.0000E+00    0.0000E+00    1.5785E+00    3.3000E-04
8.4967E+01  7.4543E-07 2.0000E+02    1.6568E-06    0.0000E+00    0.0000E+00    0.0000E+00    1.5785E+00    3.3000E-04
8.3402E+01  9.6660E-07 2.0000E+02    1.6568E-06    0.0000E+00    0.0000E+00    0.0000E+00    1.5785E+00    3.3000E-04
8.1851E+01  1.2506E-06 2.0000E+02    1.6568E-06    0.0000E+00    0.0000E+00    0.0000E+00    1.5785E+00    3.3000E-04
8.0313E+01  1.6145E-06 2.0000E+02    1.6568E-06    0.0000E+00    0.0000E+00    0.0000E+00    1.5785E+00    3.3000E-04
7.8789E+01  2.0796E-06 2.0000E+02    1.6568E-06    0.0000E+00    0.0000E+00    0.0000E+00    1.5785E+00    3.3000E-04
7.7278E+01  2.6727E-06 2.0000E+02    1.6568E-06    0.0000E+00    0.0000E+00    0.0000E+00    1.5785E+00    3.3000E-04
7.5780E+01  3.4274E-06 2.0000E+02    1.6568E-06    0.0000E+00    0.0000E+00    0.0000E+00    1.5785E+00    3.3000E-04
7.4296E+01  4.3854E-06 2.0000E+02    1.6568E-06    0.0000E+00    0.0000E+00    0.0000E+00    1.5785E+00    3.3000E-04
7.2825E+01  5.5987E-06 2.0000E+02    1.6568E-06    0.0000E+00    0.0000E+00    0.0000E+00    1.5785E+00    3.3000E-04
7.1367E+01  7.1318E-06 2.0000E+02    1.6568E-06    0.0000E+00    0.0000E+00    0.0000E+00    1.5785E+00    3.3000E-04
6.9923E+01  9.0646E-06 2.0000E+02    1.6568E-06    0.0000E+00    0.0000E+00    0.0000E+00    1.5785E+00    3.3000E-04
6.8492E+01  1.1496E-05 2.0000E+02    1.6568E-06    0.0000E+00    0.0000E+00    0.0000E+00    1.5785E+00    3.3000E-04
6.7075E+01  1.4546E-05 2.0000E+02    1.6568E-06    0.0000E+00    0.0000E+00    0.0000E+00    1.5785E+00    3.3000E-04
6.5671E+01  1.8365E-05 2.0000E+02    1.6568E-06    0.0000E+00    0.0000E+00    0.0000E+00    1.5785E+00    3.3000E-04
6.4281E+01  2.3136E-05 2.0000E+02    1.6568E-06    0.0000E+00    0.0000E+00    0.0000E+00    1.5785E+00    3.3000E-04
6.2904E+01  2.9080E-05 2.0000E+02    1.6568E-06    0.0000E+00    0.0000E+00    0.0000E+00    1.5785E+00    3.3000E-04
6.1540E+01  3.6471E-05 2.0000E+02    1.6568E-06    0.0000E+00    0.0000E+00    0.0000E+00    1.5785E+00    3.3000E-04
6.0190E+01  4.5639E-05 2.0000E+02    1.6568E-06    0.0000E+00    0.0000E+00    0.0000E+00    1.5785E+00    3.3000E-04
5.8853E+01  5.6985E-05 2.0000E+02    1.6568E-06    0.0000E+00    0.0000E+00    0.0000E+00    1.5785E+00    3.3000E-04
5.7529E+01  7.0993E-05 2.0000E+02    1.6568E-06    0.0000E+00    0.0000E+00    0.0000E+00    1.5785E+00    3.3000E-04
5.6219E+01  8.8248E-05 2.0000E+02    1.6568E-06    0.0000E+00    0.0000E+00    0.0000E+00    1.5785E+00    3.3000E-04
5.4922E+01  1.0945E-04 2.0000E+02    1.6568E-06    0.0000E+00    0.0000E+00    0.0000E+00    1.5785E+00    3.3000E-04
5.3639E+01  1.3545E-04 2.0000E+02    1.6568E-06    0.0000E+00    0.0000E+00    0.0000E+00    1.5785E+00    3.3000E-04
5.2369E+01  1.6725E-04 2.0000E+02    1.6568E-06    0.0000E+00    0.0000E+00    0.0000E+00    1.5785E+00    3.3000E-04
5.1112E+01  2.0607E-04 2.0000E+02    1.6568E-06    0.0000E+00    0.0000E+00    0.0000E+00    1.5785E+00    3.3000E-04
4.9869E+01  2.5332E-04 2.0000E+02    1.6568E-06    0.0000E+00    0.0000E+00    0.0000E+00    1.5785E+00    3.3000E-04
4.8639E+01  3.1071E-04 2.0000E+02    1.6568E-06    0.0000E+00    0.0000E+00    0.0000E+00    1.5785E+00    3.3000E-04
4.7423E+01  3.8027E-04 2.0000E+02    1.6568E-06    0.0000E+00    0.0000E+00    0.0000E+00    1.5785E+00    3.3000E-04
4.6220E+01  4.6436E-04 2.0000E+02    1.6568E-06    0.0000E+00    0.0000E+00    0.0000E+00    1.5785E+00    3.3000E-04
4.5030E+01  5.6578E-04 2.0000E+02    1.6568E-06    0.0000E+00    0.0000E+00    0.0000E+00    1.5785E+00    3.3000E-04
4.3854E+01  6.8783E-04 2.0000E+02    1.6568E-06    0.0000E+00    0.0000E+00    0.0000E+00    1.5785E+00    3.3000E-04
4.2691E+01  8.3435E-04 2.0000E+02    1.6568E-06    0.0000E+00    0.0000E+00    0.0000E+00    1.5785E+00    3.3000E-04
4.1541E+01  1.0098E-03 2.0000E+02    1.6568E-06    0.0000E+00    0.0000E+00    0.0000E+00    1.5785E+00    3.3000E-04
4.0405E+01  1.2195E-03 2.0000E+02    1.6568E-06    0.0000E+00    0.0000E+00    0.0000E+00    1.5785E+00    3.3000E-04
3.9283E+01  1.4694E-03 2.0000E+02    1.6568E-06    0.0000E+00    0.0000E+00    0.0000E+00    1.5785E+00    3.3000E-04
3.8173E+01  1.7666E-03 2.0000E+02    1.6568E-06    0.0000E+00    0.0000E+00    0.0000E+00    1.5785E+00    3.3000E-04
3.7077E+01  2.1193E-03 2.0000E+02    1.6568E-06    0.0000E+00    0.0000E+00    0.0000E+00    1.5785E+00    3.3000E-04
3.5995E+01  2.5366E-03 2.0000E+02    1.6568E-06    0.0000E+00    0.0000E+00    0.0000E+00    1.5785E+00    3.3000E-04
3.4926E+01  3.0294E-03 2.0000E+02    1.6568E-06    0.0000E+00    0.0000E+00    0.0000E+00    1.5785E+00    3.3000E-04
3.3870E+01  3.6099E-03 2.0000E+02    1.6568E-06    0.0000E+00    0.0000E+00    0.0000E+00    1.5785E+00    3.3000E-04
3.2828E+01  4.2921E-03 2.0000E+02    1.6568E-06    0.0000E+00    0.0000E+00    0.0000E+00    1.5785E+00    3.3000E-04
3.1799E+01  5.0919E-03 2.0000E+02    1.6568E-06    0.0000E+00    0.0000E+00    0.0000E+00    1.5785E+00    3.3000E-04
3.0783E+01  6.0273E-03 2.0000E+02    1.6568E-06    0.0000E+00    0.0000E+00    0.0000E+00    1.5785E+00    3.3000E-04
2.9781E+01  7.1187E-03 2.0000E+02    1.6568E-06    0.0000E+00    0.0000E+00    0.0000E+00    1.5785E+00    3.3000E-04
2.8792E+01  8.3890E-03 2.0000E+02    1.6568E-06    0.0000E+00    0.0000E+00    0.0000E+00    1.5785E+00    3.3000E-04
2.7817E+01  9.8640E-03 2.0000E+02    1.6568E-06    0.0000E+00    0.0000E+00    0.0000E+00    1.5785E+00    3.3000E-04
2.6855E+01  1.1573E-02 2.0000E+02    1.6568E-06    0.0000E+00    0.0000E+00    0.0000E+00    1.5785E+00    3.3000E-04
2.5906E+01  1.3547E-02 2.0000E+02    1.6568E-06    0.0000E+00    0.0000E+00    0.0000E+00    1.5785E+00    3.3000E-04
2.4971E+01  1.5823E-02 2.0000E+02    1.6568E-06    0.0000E+00    0.0000E+00    0.0000E+00    1.5785E+00    3.3000E-04
2.4049E+01  1.8440E-02 2.0000E+02    1.6568E-06    0.0000E+00    0.0000E+00    0.0000E+00    1.5785E+00    3.3000E-04
2.3141E+01  2.1443E-02 2.0000E+02    1.6568E-06    0.0000E+00    0.0000E+00    0.0000E+00    1.5785E+00    3.3000E-04
2.2246E+01  2.4879E-02 2.0000E+02    1.6568E-06    0.0000E+00    0.0000E+00    0.0000E+00    1.5785E+00    3.3000E-04
2.1364E+01  2.8802E-02 2.0000E+02    1.6568E-06    0.0000E+00    0.0000E+00    0.0000E+00    1.5785E+00    3.3000E-04
2.0496E+01  3.3269E-02 2.0000E+02    1.6568E-06    0.0000E+00    0.0000E+00    0.0000E+00    1.5785E+00    3.3000E-04
1.9641E+01  3.8343E-02 2.0000E+02    1.6568E-06    0.0000E+00    0.0000E+00    0.0000E+00    1.5785E+00    3.3000E-04
1.8800E+01  4.4093E-02 2.0000E+02    1.6568E-06    0.0000E+00    0.0000E+00    0.0000E+00    1.5785E+00    3.3000E-04
1.7972E+01  5.0593E-02 2.0000E+02    1.6568E-06    0.0000E+00    0.0000E+00    0.0000E+00    1.5785E+00    3.3000E-04
1.7157E+01  5.7922E-02 2.0000E+02    1.6568E-06    0.0000E+00    0.0000E+00    0.0000E+00    1.5785E+00    3.3000E-04
1.6356E+01  6.6166E-02 2.0000E+02    1.6568E-06    0.0000E+00    0.0000E+00    0.0000E+00    1.5785E+00    3.3000E-04
1.5568E+01  7.5415E-02 2.0000E+02    1.6568E-06    0.0000E+00    0.0000E+00    0.0000E+00    1.5785E+00    3.3000E-04
1.4793E+01  8.5766E-02 2.0000E+02    1.6568E-06    0.0000E+00    0.0000E+00    0.0000E+00    1.5785E+00    3.3000E-04
1.4032E+01  9.7321E-02 2.0000E+02    1.6568E-06    0.0000E+00    0.0000E+00    0.0000E+00    1.5785E+00    3.3000E-04
1.3285E+01  1.1019E-01 2.0000E+02    1.6568E-06    0.0000E+00    0.0000E+00    0.0000E+00    1.5785E+00    3.3000E-04
1.2550E+01  1.2448E-01 2.0000E+02    1.6568E-06    0.0000E+00    0.0000E+00    0.0000E+00    1.5785E+00    3.3000E-04
1.1829E+01  1.4031E-01 2.0000E+02    1.6568E-06    0.0000E+00    0.0000E+00    0.0000E+00    1.5785E+00    3.3000E-04
1.1122E+01  1.5780E-01 2.0000E+02    1.6568E-06    0.0000E+00    0.0000E+00    0.0000E+00    1.5785E+00    3.3000E-04
1.0428E+01  1.7708E-01 2.0000E+02    1.6568E-06    0.0000E+00    0.0000E+00    0.0000E+00    1.5785E+00    3.3000E-04
9.7470E+00  1.9828E-01 2.0000E+02    1.6568E-06    0.0000E+00    0.0000E+00    0.0000E+00    1.5785E+00    3.3000E-04
9.0797E+00  2.2151E-01 2.0000E+02    1.6568E-06    0.0000E+00    0.0000E+00    0.0000E+00    1.5785E+00    3.3000E-04
8.4257E+00  2.4692E-01 2.0000E+02    1.6568E-06    0.0000E+00    0.0000E+00    0.0000E+00    1.5785E+00    3.3000E-04
7.7851E+00  2.7464E-01 2.0000E+02    1.6568E-06    0.0000E+00    0.0000E+00    0.0000E+00    1.5785E+00    3.3000E-04
7.1579E+00  3.0479E-01 2.0000E+02    1.6568E-06    0.0000E+00    0.0000E+00    0.0000E+00    1.5785E+00    3.3000E-04
6.5441E+00  3.3749E-01 2.0000E+02    1.6568E-06    0.0000E+00    0.0000E+00    0.0000E+00    1.5785E+00    3.3000E-04
5.9437E+00  3.7287E-01 2.0000E+02    1.6568E-06    0.0000E+00    0.0000E+00    0.0000E+00    1.5785E+00    3.3000E-04
5.3567E+00  4.1105E-01 2.0000E+02    1.6568E-06    0.0000E+00    0.0000E+00    0.0000E+00    1.5785E+00    3.3000E-04
4.7831E+00  4.5213E-01 2.0000E+02    1.6568E-06    0.0000E+00    0.0000E+00    0.0000E+00    1.5785E+00    3.3000E-04
4.2229E+00  4.9622E-01 2.0000E+02    1.6568E-06    0.0000E+00    0.0000E+00    0.0000E+00    1.5785E+00    3.3000E-04
3.6761E+00  5.4339E-01 2.0000E+02    1.6568E-06    0.0000E+00    0.0000E+00    0.0000E+00    1.5785E+00    3.3000E-04
3.1426E+00  5.9372E-01 2.0000E+02    1.6568E-06    0.0000E+00    0.0000E+00    0.0000E+00    1.5785E+00    3.3000E-04
2.6226E+00  6.4727E-01 2.0000E+02    1.6568E-06    0.0000E+00    0.0000E+00    0.0000E+00    1.5785E+00    3.3000E-04
2.1159E+00  7.0409E-01 2.0000E+02    1.6568E-06    0.0000E+00    0.0000E+00    0.0000E+00    1.5785E+00    3.3000E-04
1.6226E+00  7.6419E-01 2.0000E+02    1.6568E-06    0.0000E+00    0.0000E+00    0.0000E+00    1.5785E+00    3.3000E-04
1.1428E+00  8.2758E-01 2.0000E+02    1.6568E-06    0.0000E+00    0.0000E+00    0.0000E+00    1.5785E+00    3.3000E-04
6.7629E-01  8.9424E-01 2.0000E+02    1.6568E-06    0.0000E+00    0.0000E+00    0.0000E+00    1.5785E+00    3.3000E-04
2.2320E-01  9.6412E-01 2.0000E+02    1.6568E-06    0.0000E+00    0.0000E+00    0.0000E+00    1.5785E+00    3.3000E-04
0.0000E+00  1.0005E+00 2.0000E+02    1.6568E-06    0.0000E+00    0.0000E+00    0.0000E+00    1.5785E+00    3.3000E-04